Model Base Result: 6909.73
Lambda: 0.0017969444427155, 0.0064501608736268
Epsilon: 0.168662
